 2017   1   1  233.0
 2017   1   2  233.0
 2017   1   3  230.8
 2017   1   4  230.0
 2017   1   5  229.8
 2017   1   6  228.4
 2017   1   7  227.2
 2017   1   8  227.2
 2017   1   9  229.4
 2017   1  10  229.4
 2017   1  11  230.0
 2017   1  12  228.8
 2017   1  13  227.0
 2017   1  14  226.6
 2017   1  15  226.0
 2017   1  16  228.4
 2017   1  17  227.8
 2017   1  18  227.2
 2017   1  19  226.0
 2017   1  20  224.8
 2017   1  21  225.4
 2017   1  22  225.0
 2017   1  23  225.8
 2017   1  24  225.8
 2017   1  25  224.8
 2017   1  26  223.8
 2017   1  27  223.4
 2017   1  28  222.8
 2017   1  29  222.2
 2017   1  30  224.2
 2017   1  31  222.0
 2017   2   1  221.6
 2017   2   2  222.2
 2017   2   3  221.4
 2017   2   4  220.4
 2017   2   5  220.2
 2017   2   6  222.0
 2017   2   7  221.6
 2017   2   8  220.4
 2017   2   9  219.6
 2017   2  10  218.0
 2017   2  11  219.0
 2017   2  12  217.6
 2017   2  13  219.8
 2017   2  14  219.4
 2017   2  15  218.6
 2017   2  16  218.2
 2017   2  17  217.2
 2017   2  18  216.2
 2017   2  19  217.8
 2017   2  20  217.2
 2017   2  21  217.4
 2017   2  22  216.4
 2017   2  23  216.8
 2017   2  24  215.6
 2017   2  25  215.6
 2017   2  26  214.8
 2017   2  27  215.2
 2017   2  28  215.6
 2017   3   1  215.2
 2017   3   2  214.2
 2017   3   3  212.4
 2017   3   4  212.6
 2017   3   5  212.2
 2017   3   6  213.6
 2017   3   7  214.2
 2017   3   8  213.2
 2017   3   9  212.6
 2017   3  10  210.6
 2017   3  11  211.0
 2017   3  12  211.2
 2017   3  13  213.6
 2017   3  14  212.8
 2017   3  15  212.6
 2017   3  16  210.6
 2017   3  17  210.8
 2017   3  18  210.0
 2017   3  19  211.0
 2017   3  20  214.2
 2017   3  21  213.4
 2017   3  22  212.4
 2017   3  23  210.6
 2017   3  24  210.0
 2017   3  25  209.4
 2017   3  26  209.4
 2017   3  27  211.0
 2017   3  28  210.0
 2017   3  29  210.0
 2017   3  30  209.4
 2017   3  31  208.8
 2017   4   1  206.8
 2017   4   2  206.0
 2017   4   3  209.8
 2017   4   4  209.8
 2017   4   5  209.0
 2017   4   6  208.8
 2017   4   7  207.0
 2017   4   8  206.6
 2017   4   9  206.8
 2017   4  10  207.4
 2017   4  11  207.6
 2017   4  12  208.2
 2017   4  13  206.4
 2017   4  14  205.2
 2017   4  15  203.8
 2017   4  16  205.2
 2017   4  17  208.4
 2017   4  18  207.2
 2017   4  19  206.0
 2017   4  20  205.6
 2017   4  21  204.6
 2017   4  22  204.6
 2017   4  23  205.0
 2017   4  24  206.2
 2017   4  25  206.0
 2017   4  26  205.2
 2017   4  27  204.4
 2017   4  28  203.8
 2017   4  29  202.0
 2017   4  30  202.6
 2017   5   1  204.6
 2017   5   2  204.4
 2017   5   3  203.4
 2017   5   4  202.6
 2017   5   5  202.0
 2017   5   6  201.2
 2017   5   7  202.6
 2017   5   8  205.2
 2017   5   9  203.2
 2017   5  10  201.6
 2017   5  11  200.8
 2017   5  12  199.6
 2017   5  13  200.2
 2017   5  14  199.8
 2017   5  15  202.2
 2017   5  16  200.6
 2017   5  17  200.2
 2017   5  18  201.6
 2017   5  19  200.2
 2017   5  20  200.4
 2017   5  21  200.6
 2017   5  22  198.8
 2017   5  23  198.4
 2017   5  24  198.0
 2017   5  25  196.6
 2017   5  26  196.8
 2017   5  27  197.6
 2017   5  28  196.8
 2017   5  29  197.6
 2017   5  30  197.0
 2017   5  31  196.8
 2017   6   1  196.8
 2017   6   2  196.2
 2017   6   3  196.2
 2017   6   4  196.2
 2017   6   5  198.6
 2017   6   6  198.0
 2017   6   7  197.4
 2017   6   8  196.4
 2017   6   9  196.0
 2017   6  10  196.2
 2017   6  11  195.2
 2017   6  12  197.4
 2017   6  13  197.4
 2017   6  14  196.6
 2017   6  15  195.8
 2017   6  16  194.6
 2017   6  17  195.8
 2017   6  18  194.6
 2017   6  19  196.6
 2017   6  20  195.6
 2017   6  21  194.8
 2017   6  22  194.4
 2017   6  23  194.6
 2017   6  24  194.4
 2017   6  25  195.2
 2017   6  26  197.0
 2017   6  27  194.8
 2017   6  28  193.6
 2017   6  29  193.6
 2017   6  30  193.4
 2017   7   1  193.0
 2017   7   2  192.2
 2017   7   3  193.6
 2017   7   4  193.8
 2017   7   5  193.6
 2017   7   6  192.4
 2017   7   7  191.8
 2017   7   8  192.4
 2017   7   9  192.0
 2017   7  10  194.6
 2017   7  11  194.0
 2017   7  12  192.4
 2017   7  13  191.6
 2017   7  14  191.0
 2017   7  15  190.2
 2017   7  16  190.4
 2017   7  17  192.6
 2017   7  18  192.2
 2017   7  19  191.8
 2017   7  20  191.0
 2017   7  21  190.0
 2017   7  22  189.4
 2017   7  23  190.2
 2017   7  24  192.6
 2017   7  25  192.6
 2017   7  26  191.6
 2017   7  27  190.8
 2017   7  28  189.6
 2017   7  29  189.6
 2017   7  30  188.4
 2017   7  31  191.4
 2017   8   1  192.0
 2017   8   2  191.6
 2017   8   3  189.6
 2017   8   4  188.4
 2017   8   5  188.0
 2017   8   6  189.4
 2017   8   7  190.6
 2017   8   8  189.8
 2017   8   9  189.0
 2017   8  10  188.4
 2017   8  11  188.2
 2017   8  12  187.6
 2017   8  13  188.0
 2017   8  14  191.2
 2017   8  15  190.4
 2017   8  16  189.6
 2017   8  17  187.6
 2017   8  18  185.2
 2017   8  19  186.0
 2017   8  20  186.8
 2017   8  21  189.2
 2017   8  22  189.0
 2017   8  23  187.6
 2017   8  30  184.8
 2017   8  31  185.0
 2017   9   1  185.6
 2017   9   2  185.8
 2017   9   3  186.8
 2017   9   4  189.0
 2017   9   5  188.0
 2017   9   6  187.6
 2017   9   7  186.8
 2017   9   8  186.8
 2017   9   9  186.8
 2017   9  10  185.6
 2017   9  11  189.2
 2017   9  12  188.2
